2.1197
1.2281
2.6765
1.6179
1.5973
0.34552
1.8815
1.2681
1.3503
0.66647
3.0175
0.73117
1.1761
2.637
1.224
1.3486
1.2644
0.9671
1.2392
0.81966
0.36059
0.70991
1.3634
2.326
0.39328
1.4787
0.78783
0.70102
0.70014
1.0794
1.5903
0.80762
1.2915
1.2209
1.2849
1.3894
1.977
1.6911
0.54184
0.55081
1.2676
1.0611
0.86393
2.1032
1.1017
1.9179
2.4917
2.4877
0.37355
1.2127
2.0656
0.9905
1.1005
1.6181
0.94546
1.4416
1.8471
1.7898
1.4627
2.7643
1.5438
1.1562
1.1449
2.4674
1.1037
1.2926
0.96349
0.73588
1.933
0.29718
1.1862
0.44839
0.99213
2.0536
2.5777
3.0727
1.9138
1.1993
2.0745
2.4259
1.1513
0.20619
2.0207
2.0425
2.018
2.3929
0.86263
1.3474
1.2306
1.0631
0.52895
2.176
1.6683
2.4988
2.0899
2.4596
1.9482
0.76938
0.49282
1.2161
0.61638
1.8218
1.3811
1.4992
0.90292
0.35883
1.8516
0.79893
1.2133
0.78566
0.53423
1.7985
0.3741
2.8485
1.1395
0.51094
2.0068
1.3871
1.5861
1.1288
0.65378
1.4522
1.0347
0.2825
0.65069
0.68168
0.32152
1.9544
0.94849
0.83121
0.66914
0.92972
1.5793
2.7501
2.1834
1.6836
0.6301
0.48341
1.3405
0.16107
2.7608
0.58377
1.1978
0.23645
0.5429
2.026
1.5299
2.531
1.3514
1.3571
1.5865
0.44872
1.2587
0.87741
0.95872
0.64375
1.7458
0.7683
1.4153
2.5494
0.55827
0.2514
2.1973
1.2339
0.79413
2.2286
2.7599
1.3571
2.1434
0.2546
0.37263
0.39465
0.19195
0.9083
0.89139
1.493
2.4862
1.3526
1.1722
1.1772
0.73552
1.0696
0.34999
1.0175
0.53907
2.1727
0.68139
0.22575
1.8151
0.45326
0.93797
0.8505
0.92123
0.71507
1.1959
0.79587
1.2424
0.46854
2.1688
0.59982
1.9802
0.77794
1.323
1.0615
1.5078
1.432
0.84135
0.3214
0.53916
1.0551
0.27152
1.0123
0.75296
0.49072
1.8277
2.2699
0.65113
1.3885
0.8468
0.38343
1.6538
1.6184
1.1603
1.1552
1.0014
1.0779
2.0265
1.4011
1.4976
2.3823
1.8016
0.11301
0.46252
0.72673
2.1221
1.1592
2.564
0.93764
0.66353
0.45688
2.0763
1.6349
0.74794
1.2719
1.1613
0.54055
0.16279
2.9832
1.5341
1.1869
0.8086
0.26173
0.90454
1.7085
0.33573
0.46687
1.3266
0.83567
1.1453
0.11739
1.4569
0.53228
0.50393
1.4635
0.84597
0.45349
0.4762
2.3754
2.7662
1.1204
3.2446
1.9079
2.9541
0.72382
1.9305
0.33239
0.76643
0.67523
1.3855
1.6454
0.93101
0.58587
0.55561
0.49439
0.61863
1.2757
1.2695
2.4776
1.3274
1.0799
2.2282
1.55
1.7309
1.1068
1.3678
1.4065
2.5609
1.7417
1.7811
0.87947
0.96893
2.1877
2.1457
2.396
0.83187
1.149
0.6383
2.2466
1.7495
2.5617
0.97298
1.6985
0.87941
2.1414
1.2059
2.6331
2.2697
1.3053
0.87667
1.0697
1.8885
1.0392
0.89736
1.6126
0.69903
1.9706
1.7885
1.0813
0.56384
0.67095
1.0894
3.6987
0.35833
0.72342
1.4372
0.55176
0.94147
1.7858
2.0019
0.58001
1.5867
1.5899
1.4355
0.77918
2.0166
0.91677
0.99625
0.66543
1.4784
2.2199
0.5837
0.87209
1.1158
0.82099
0.79768
1.1508
0.70676
0.94864
1.1861
0.92099
0.32119
1.0235
0.67
1.9362
0.80179
1.8414
1.4039
0.72656
1.4359
2.6405
1.8999
2.6621
1.0035
1.7616
1.3973
1.9907
0.52561
1.5558
1.8879
0.71769
2.8893
2.6935
1.1955
0.39389
1.0682
1.07
0.99529
0.42766
1.8478
0.52452
2.6065
0.68444
2.7755
1.4066
1.0814
1.9125
0.71631
1.8711
1.9822
1.0479
0.36972
0.96415
1.86
0.45093
1.4751
2.7466
1.8256
0.46895
0.5621
1.1028
1.1408
3.9181
2.1553
1.8607
0.65413
1.4603
1.6054
1.7365
1.6538
1.3815
1.9257
1.129
0.97102
0.9216
1.5291
0.31525
1.7822
0.80776
1.4551
0.61611
1.4917
0.88216
1.546
0.54305
0.80356
1.3696
1.4346
1.4897
1.353
1.4749
2.4285
1.3586
1.0607
1.635
1.4229
2.2712
1.2908
1.6633
3.0438
0.5257
1.873
0.92505
2.0503
0.24196
1.244
0.50857
0.8479
1.2539
1.0595
1.5384
1.2019
0.71468
1.7075
1.6627
1.5408
0.54584
2.3101
1.8834
1.6396
1.5337
0.84744
0.52107
2.5798
2.3924
3.0867
1.9229
2.8613
1.3056
1.7831
0.43337
0.86729
1.2694
2.3954
1.1951
0.95623
1.0586
1.398
2.2249
0.67515
1.7679
1.2323
0.70034
1.2312
1.6397
0.5782
2.5358
0.8401
0.48463
1.3143
1.3045
